Vsource.source
0            , -10000       , 0            , 0            , 0            , 0            , 0            , 10000        , 0            , 0            , 0            , 0            , 
0            , 0            , 0            , -10000       , 0            , 0            , 0            , 0            , 0            , 10000        , 0            , 0            , 
0            , 0            , 0            , 0            , 0            , -10000       , 0            , 0            , 0            , 0            , 0            , 10000        , 
0            , 10000        , 0            , 0            , 0            , 0            , 0            , -10000       , 0            , 0            , 0            , 0            , 
0            , 0            , 0            , 10000        , 0            , 0            , 0            , 0            , 0            , -10000       , 0            , 0            , 
0            , 0            , 0            , 0            , 0            , 10000        , 0            , 0            , 0            , 0            , 0            , -10000       , 
Transformer.reg1a
288.8949271  , -28889.49271 , 0            , 0            , 0            , 0            , -288.8949271 , 28889.49271  , -288.8949271 , 28889.49271  , 0            , 0            , 0            , 0            , 288.8949271  , -28889.49271 , 
0            , 0            , 288.8949271  , -28889.49271 , 0            , 0            , -288.8949271 , 28889.49271  , 0            , 0            , -288.8949271 , 28889.49271  , 0            , 0            , 288.8949271  , -28889.49271 , 
0            , 0            , 0            , 0            , 288.8949271  , -28889.49271 , -288.8949271 , 28889.49271  , 0            , 0            , 0            , 0            , -288.8949271 , 28889.49271  , 288.8949271  , -28889.49271 , 
-288.8949271 , 28889.49271  , -288.8949271 , 28889.49271  , -288.8949271 , 28889.49271  , 866.6847812  , -86668.47812 , 288.8949271  , -28889.49271 , 288.8949271  , -28889.49271 , 288.8949271  , -28889.49271 , -866.6847812 , 86668.47812  , 
-288.8949271 , 28889.49271  , 0            , 0            , 0            , 0            , 288.8949271  , -28889.49271 , 288.8949271  , -28889.49271 , 0            , 0            , 0            , 0            , -288.8949271 , 28889.49271  , 
0            , 0            , -288.8949271 , 28889.49271  , 0            , 0            , 288.8949271  , -28889.49271 , 0            , 0            , 288.8949271  , -28889.49271 , 0            , 0            , -288.8949271 , 28889.49271  , 
0            , 0            , 0            , 0            , -288.8949271 , 28889.49271  , 288.8949271  , -28889.49271 , 0            , 0            , 0            , 0            , 288.8949271  , -28889.49271 , -288.8949271 , 28889.49271  , 
288.8949271  , -28889.49271 , 288.8949271  , -28889.49271 , 288.8949271  , -28889.49271 , -866.6847812 , 86668.47812  , -288.8949271 , 28889.49271  , -288.8949271 , 28889.49271  , -288.8949271 , 28889.49271  , 866.6847812  , -86668.47812 , 
Line.l115
6.134801667  , -13.09896188 , -2.756839371 , 4.340375033  , -1.155729083 , 3.037707437  , -6.134801667 , 13.0989621   , 2.756839371  , -4.340375085 , 1.155729083  , -3.037707454 , 
-2.756839371 , 4.340375033  , 7.073045203  , -13.70942105 , -2.143387473 , 3.864973965  , 2.756839371  , -4.340375085 , -7.073045203 , 13.70942129  , 2.143387473  , -3.864974001 , 
-1.155729083 , 3.037707437  , -2.143387473 , 3.864973965  , 5.87425213   , -12.89701318 , 1.155729083  , -3.037707454 , 2.143387473  , -3.864974001 , -5.87425213  , 12.8970134   , 
-6.134801667 , 13.0989621   , 2.756839371  , -4.340375085 , 1.155729083  , -3.037707454 , 6.134801667  , -13.09896188 , -2.756839371 , 4.340375033  , -1.155729083 , 3.037707437  , 
2.756839371  , -4.340375085 , -7.073045203 , 13.70942129  , 2.143387473  , -3.864974001 , -2.756839371 , 4.340375033  , 7.073045203  , -13.70942105 , -2.143387473 , 3.864973965  , 
1.155729083  , -3.037707454 , 2.143387473  , -3.864974001 , -5.87425213  , 12.8970134   , -1.155729083 , 3.037707437  , -2.143387473 , 3.864973965  , 5.87425213   , -12.89701318 , 
Line.l1
11.00605021  , -11.22744465 , -11.00605021 , 11.22744473  , 
-11.00605021 , 11.22744473  , 11.00605021  , -11.22744465 , 
Line.l2
7.704235149  , -7.859211195 , -7.704235149 , 7.859211313  , 
-7.704235149 , 7.859211313  , 7.704235149  , -7.859211195 , 
Line.l3
8.179735557  , -17.46528264 , -3.675785828 , 5.787166741  , -1.540972111 , 4.050276592  , -8.179735557 , 17.4652828   , 3.675785828  , -5.78716678  , 1.540972111  , -4.050276605 , 
-3.675785828 , 5.787166741  , 9.430726938  , -18.27922821 , -2.857849964 , 5.153298641  , 3.675785828  , -5.78716678  , -9.430726938 , 18.27922839  , 2.857849964  , -5.153298669 , 
-1.540972111 , 4.050276592  , -2.857849964 , 5.153298641  , 7.832336173  , -17.19601771 , 1.540972111  , -4.050276605 , 2.857849964  , -5.153298669 , -7.832336173 , 17.19601787  , 
-8.179735557 , 17.4652828   , 3.675785828  , -5.78716678  , 1.540972111  , -4.050276605 , 8.179735557  , -17.46528264 , -3.675785828 , 5.787166741  , -1.540972111 , 4.050276592  , 
3.675785828  , -5.78716678  , -9.430726938 , 18.27922839  , 2.857849964  , -5.153298669 , -3.675785828 , 5.787166741  , 9.430726938  , -18.27922821 , -2.857849964 , 5.153298641  , 
1.540972111  , -4.050276605 , 2.857849964  , -5.153298669 , -7.832336173 , 17.19601787  , -1.540972111 , 4.050276592  , -2.857849964 , 5.153298641  , 7.832336173  , -17.19601771 , 
Line.l4
9.630293936  , -9.824014047 , -9.630293936 , 9.824014142  , 
-9.630293936 , 9.824014142  , 9.630293936  , -9.824014047 , 
Line.l5
5.92633473   , -6.04554701  , -5.92633473  , 6.045547164  , 
-5.92633473  , 6.045547164  , 5.92633473   , -6.04554701  , 
Line.l6
7.704235149  , -7.859211195 , -7.704235149 , 7.859211313  , 
-7.704235149 , 7.859211313  , 7.704235149  , -7.859211195 , 
Line.l7
12.26960333  , -26.19792409 , -5.513678742 , 8.680750144  , -2.311458167 , 6.075414899  , -12.26960333 , 26.1979242   , 5.513678742  , -8.680750169 , 2.311458167  , -6.075414907 , 
-5.513678742 , 8.680750144  , 14.14609041  , -27.41884247 , -4.286774947 , 7.729947985  , 5.513678742  , -8.680750169 , -14.14609041 , 27.41884258  , 4.286774947  , -7.729948003 , 
-2.311458167 , 6.075414899  , -4.286774947 , 7.729947985  , 11.74850426  , -25.7940267  , 2.311458167  , -6.075414907 , 4.286774947  , -7.729948003 , -11.74850426 , 25.79402681  , 
-12.26960333 , 26.1979242   , 5.513678742  , -8.680750169 , 2.311458167  , -6.075414907 , 12.26960333  , -26.19792409 , -5.513678742 , 8.680750144  , -2.311458167 , 6.075414899  , 
5.513678742  , -8.680750169 , -14.14609041 , 27.41884258  , 4.286774947  , -7.729948003 , -5.513678742 , 8.680750144  , 14.14609041  , -27.41884247 , -4.286774947 , 7.729947985  , 
2.311458167  , -6.075414907 , 4.286774947  , -7.729948003 , -11.74850426 , 25.79402681  , -2.311458167 , 6.075414899  , -4.286774947 , 7.729947985  , 11.74850426  , -25.7940267  , 
Line.l8
8.560261277  , -8.732456908 , -8.560261277 , 8.732457015  , 
-8.560261277 , 8.732457015  , 8.560261277  , -8.732456908 , 
Line.l9
8.560261277  , -8.732456908 , -8.560261277 , 8.732457015  , 
-8.560261277 , 8.732457015  , 8.560261277  , -8.732456908 , 
Line.l10
8.179735557  , -17.46528264 , -3.675785828 , 5.787166741  , -1.540972111 , 4.050276592  , -8.179735557 , 17.4652828   , 3.675785828  , -5.78716678  , 1.540972111  , -4.050276605 , 
-3.675785828 , 5.787166741  , 9.430726938  , -18.27922821 , -2.857849964 , 5.153298641  , 3.675785828  , -5.78716678  , -9.430726938 , 18.27922839  , 2.857849964  , -5.153298669 , 
-1.540972111 , 4.050276592  , -2.857849964 , 5.153298641  , 7.832336173  , -17.19601771 , 1.540972111  , -4.050276605 , 2.857849964  , -5.153298669 , -7.832336173 , 17.19601787  , 
-8.179735557 , 17.4652828   , 3.675785828  , -5.78716678  , 1.540972111  , -4.050276605 , 8.179735557  , -17.46528264 , -3.675785828 , 5.787166741  , -1.540972111 , 4.050276592  , 
3.675785828  , -5.78716678  , -9.430726938 , 18.27922839  , 2.857849964  , -5.153298669 , -3.675785828 , 5.787166741  , 9.430726938  , -18.27922821 , -2.857849964 , 5.153298641  , 
1.540972111  , -4.050276605 , 2.857849964  , -5.153298669 , -7.832336173 , 17.19601787  , -1.540972111 , 4.050276592  , -2.857849964 , 5.153298641  , 7.832336173  , -17.19601771 , 
Line.l11
4.531903029  , -4.623065278 , -4.531903029 , 4.623065478  , 
-4.531903029 , 4.623065478  , 4.531903029  , -4.623065278 , 
Line.l12
12.84039192  , -13.09868545 , -12.84039192 , 13.09868552  , 
-12.84039192 , 13.09868552  , 12.84039192  , -13.09868545 , 
Line.l13
3.42935525   , -6.64699165  , -1.039218169 , 1.873926714  , -1.336649392 , 2.104424178  , -3.42935525  , 6.646992142  , 1.039218169  , -1.873926789 , 1.336649392  , -2.104424283 , 
-1.039218169 , 1.873926714  , 2.848122245  , -6.253096957 , -0.560353495 , 1.472827822  , 1.039218169  , -1.873926789 , -2.848122245 , 6.253097408  , 0.560353495  , -1.472827856 , 
-1.336649392 , 2.104424178  , -0.560353495 , 1.472827822  , 2.974449293  , -6.351011477 , 1.336649392  , -2.104424283 , 0.560353495  , -1.472827856 , -2.974449293 , 6.351011928  , 
-3.42935525  , 6.646992142  , 1.039218169  , -1.873926789 , 1.336649392  , -2.104424283 , 3.42935525   , -6.64699165  , -1.039218169 , 1.873926714  , -1.336649392 , 2.104424178  , 
1.039218169  , -1.873926789 , -2.848122245 , 6.253097408  , 0.560353495  , -1.472827856 , -1.039218169 , 1.873926714  , 2.848122245  , -6.253096957 , -0.560353495 , 1.472827822  , 
1.336649392  , -2.104424283 , 0.560353495  , -1.472827856 , -2.974449293 , 6.351011928  , -1.336649392 , 2.104424178  , -0.560353495 , 1.472827822  , 2.974449293  , -6.351011477 , 
Line.l14
7.704235149  , -7.859211195 , -7.704235149 , 7.859211313  , 
-7.704235149 , 7.859211313  , 7.704235149  , -7.859211195 , 
Line.l15
7.704235149  , -7.859211195 , -7.704235149 , 7.859211313  , 
-7.704235149 , 7.859211313  , 7.704235149  , -7.859211195 , 
Line.l16
5.136156766  , -5.239474032 , -5.136156766 , 5.239474209  , 
-5.136156766 , 5.239474209  , 5.136156766  , -5.239474032 , 
Line.l17
5.503025106  , -5.613722201 , -5.503025106 , 5.613722367  , 
-5.503025106 , 5.613722367  , 5.503025106  , -5.613722201 , 
Line.l18
7.704235149  , -7.859211195 , -7.704235149 , 7.859211313  , 
-7.704235149 , 7.859211313  , 7.704235149  , -7.859211195 , 
Line.l19
9.430726938  , -18.27922821 , -2.857849964 , 5.153298641  , -3.675785828 , 5.787166741  , -9.430726938 , 18.27922839  , 2.857849964  , -5.153298669 , 3.675785828  , -5.78716678  , 
-2.857849964 , 5.153298641  , 7.832336173  , -17.19601771 , -1.540972111 , 4.050276592  , 2.857849964  , -5.153298669 , -7.832336173 , 17.19601787  , 1.540972111  , -4.050276605 , 
-3.675785828 , 5.787166741  , -1.540972111 , 4.050276592  , 8.179735557  , -17.46528264 , 3.675785828  , -5.78716678  , 1.540972111  , -4.050276605 , -8.179735557 , 17.4652828   , 
-9.430726938 , 18.27922839  , 2.857849964  , -5.153298669 , 3.675785828  , -5.78716678  , 9.430726938  , -18.27922821 , -2.857849964 , 5.153298641  , -3.675785828 , 5.787166741  , 
2.857849964  , -5.153298669 , -7.832336173 , 17.19601787  , 1.540972111  , -4.050276605 , -2.857849964 , 5.153298641  , 7.832336173  , -17.19601771 , -1.540972111 , 4.050276592  , 
3.675785828  , -5.78716678  , 1.540972111  , -4.050276605 , -8.179735557 , 17.4652828   , -3.675785828 , 5.787166741  , -1.540972111 , 4.050276592  , 8.179735557  , -17.46528264 , 
Line.l20
5.92633473   , -6.04554701  , -5.92633473  , 6.045547164  , 
-5.92633473  , 6.045547164  , 5.92633473   , -6.04554701  , 
Line.l21
3.668683404  , -3.74248133  , -3.668683404 , 3.742481578  , 
-3.668683404 , 3.742481578  , 3.668683404  , -3.74248133  , 
Line.l22
11.31687233  , -21.93507392 , -3.429419957 , 6.18395838   , -4.410942994 , 6.944600103  , -11.31687233 , 21.93507407  , 3.429419957  , -6.183958402 , 4.410942994  , -6.944600136 , 
-3.429419957 , 6.18395838   , 9.398803408  , -20.63522131 , -1.849166533 , 4.860331915  , 3.429419957  , -6.183958402 , -9.398803408 , 20.63522144  , 1.849166533  , -4.860331926 , 
-4.410942994 , 6.944600103  , -1.849166533 , 4.860331915  , 9.815682668  , -20.95833923 , 4.410942994  , -6.944600136 , 1.849166533  , -4.860331926 , -9.815682668 , 20.95833936  , 
-11.31687233 , 21.93507407  , 3.429419957  , -6.183958402 , 4.410942994  , -6.944600136 , 11.31687233  , -21.93507392 , -3.429419957 , 6.18395838   , -4.410942994 , 6.944600103  , 
3.429419957  , -6.183958402 , -9.398803408 , 20.63522144  , 1.849166533  , -4.860331926 , -3.429419957 , 6.18395838   , 9.398803408  , -20.63522131 , -1.849166533 , 4.860331915  , 
4.410942994  , -6.944600136 , 1.849166533  , -4.860331926 , -9.815682668 , 20.95833936  , -4.410942994 , 6.944600103  , -1.849166533 , 4.860331915  , 9.815682668  , -20.95833923 , 
Line.l23
3.501925068  , -3.572368519 , -3.501925068 , 3.572368779  , 
-3.501925068 , 3.572368779  , 3.501925068  , -3.572368519 , 
Line.l24
10.28806575  , -19.94097626 , -3.117654507 , 5.621780341  , -4.009948176 , 6.313272815  , -10.28806575 , 19.94097643  , 3.117654507  , -5.621780366 , 4.009948176  , -6.31327285  , 
-3.117654507 , 5.621780341  , 8.544366734  , -18.75929207 , -1.681060485 , 4.418483557  , 3.117654507  , -5.621780366 , -8.544366734 , 18.75929222  , 1.681060485  , -4.418483569 , 
-4.009948176 , 6.313272815  , -1.681060485 , 4.418483557  , 8.92334788   , -19.05303563 , 4.009948176  , -6.31327285  , 1.681060485  , -4.418483569 , -8.92334788  , 19.05303578  , 
-10.28806575 , 19.94097643  , 3.117654507  , -5.621780366 , 4.009948176  , -6.31327285  , 10.28806575  , -19.94097626 , -3.117654507 , 5.621780341  , -4.009948176 , 6.313272815  , 
3.117654507  , -5.621780366 , -8.544366734 , 18.75929222  , 1.681060485  , -4.418483569 , -3.117654507 , 5.621780341  , 8.544366734  , -18.75929207 , -1.681060485 , 4.418483557  , 
4.009948176  , -6.31327285  , 1.681060485  , -4.418483569 , -8.92334788  , 19.05303578  , -4.009948176 , 6.313272815  , -1.681060485 , 4.418483557  , 8.92334788   , -19.05303563 , 
Line.l25
5.817352257  , -13.41741427 , -2.26573754  , 4.865026017  , -5.817352257 , 13.41741445  , 2.26573754   , -4.865026039 , 
-2.26573754  , 4.865026017  , 5.973964638  , -13.49563517 , 2.26573754   , -4.865026039 , -5.973964638 , 13.49563535  , 
-5.817352257 , 13.41741445  , 2.26573754   , -4.865026039 , 5.817352257  , -13.41741427 , -2.26573754  , 4.865026017  , 
2.26573754   , -4.865026039 , -5.973964638 , 13.49563535  , -2.26573754  , 4.865026017  , 5.973964638  , -13.49563517 , 
Line.l26
14.14609041  , -27.41884247 , -4.286774947 , 7.729947985  , -5.513678742 , 8.680750144  , -14.14609041 , 27.41884258  , 4.286774947  , -7.729948003 , 5.513678742  , -8.680750169 , 
-4.286774947 , 7.729947985  , 11.74850426  , -25.7940267  , -2.311458167 , 6.075414899  , 4.286774947  , -7.729948003 , -11.74850426 , 25.79402681  , 2.311458167  , -6.075414907 , 
-5.513678742 , 8.680750144  , -2.311458167 , 6.075414899  , 12.26960333  , -26.19792409 , 5.513678742  , -8.680750169 , 2.311458167  , -6.075414907 , -12.26960333 , 26.1979242   , 
-14.14609041 , 27.41884258  , 4.286774947  , -7.729948003 , 5.513678742  , -8.680750169 , 14.14609041  , -27.41884247 , -4.286774947 , 7.729947985  , -5.513678742 , 8.680750144  , 
4.286774947  , -7.729948003 , -11.74850426 , 25.79402681  , 2.311458167  , -6.075414907 , -4.286774947 , 7.729947985  , 11.74850426  , -25.7940267  , -2.311458167 , 6.075414899  , 
5.513678742  , -8.680750169 , 2.311458167  , -6.075414907 , -12.26960333 , 26.1979242   , -5.513678742 , 8.680750144  , -2.311458167 , 6.075414899  , 12.26960333  , -26.19792409 , 
Line.l27
7.403902872  , -17.07670916 , -2.883665961 , 6.191851305  , -7.403902872 , 17.0767093   , 2.883665961  , -6.191851322 , 
-2.883665961 , 6.191851305  , 7.603227721  , -17.17626303 , 2.883665961  , -6.191851322 , -7.603227721 , 17.17626318  , 
-7.403902872 , 17.0767093   , 2.883665961  , -6.191851322 , 7.403902872  , -17.07670916 , -2.883665961 , 6.191851305  , 
2.883665961  , -6.191851322 , -7.603227721 , 17.17626318  , -2.883665961 , 6.191851305  , 7.603227721  , -17.17626303 , 
Line.l28
8.560261277  , -8.732456908 , -8.560261277 , 8.732457015  , 
-8.560261277 , 8.732457015  , 8.560261277  , -8.732456908 , 
Line.l29
3.852117575  , -3.92960542  , -3.852117575 , 3.929605657  , 
-3.852117575 , 3.929605657  , 3.852117575  , -3.92960542  , 
Line.l30
9.430726938  , -18.27922821 , -2.857849964 , 5.153298641  , -3.675785828 , 5.787166741  , -9.430726938 , 18.27922839  , 2.857849964  , -5.153298669 , 3.675785828  , -5.78716678  , 
-2.857849964 , 5.153298641  , 7.832336173  , -17.19601771 , -1.540972111 , 4.050276592  , 2.857849964  , -5.153298669 , -7.832336173 , 17.19601787  , 1.540972111  , -4.050276605 , 
-3.675785828 , 5.787166741  , -1.540972111 , 4.050276592  , 8.179735557  , -17.46528264 , 3.675785828  , -5.78716678  , 1.540972111  , -4.050276605 , -8.179735557 , 17.4652828   , 
-9.430726938 , 18.27922839  , 2.857849964  , -5.153298669 , 3.675785828  , -5.78716678  , 9.430726938  , -18.27922821 , -2.857849964 , 5.153298641  , -3.675785828 , 5.787166741  , 
2.857849964  , -5.153298669 , -7.832336173 , 17.19601787  , 1.540972111  , -4.050276605 , -2.857849964 , 5.153298641  , 7.832336173  , -17.19601771 , -1.540972111 , 4.050276592  , 
3.675785828  , -5.78716678  , 1.540972111  , -4.050276605 , -8.179735557 , 17.4652828   , -3.675785828 , 5.787166741  , -1.540972111 , 4.050276592  , 8.179735557  , -17.46528264 , 
Line.l31
8.083480232  , -15.66790984 , -2.449585684 , 4.417113113  , -3.150673567 , 4.960428623  , -8.083480232 , 15.66791005  , 2.449585684  , -4.417113144 , 3.150673567  , -4.960428668 , 
-2.449585684 , 4.417113113  , 6.713431006  , -14.7394437  , -1.320833238 , 3.471665647  , 2.449585684  , -4.417113144 , -6.713431006 , 14.73944389  , 1.320833238  , -3.471665661 , 
-3.150673567 , 4.960428623  , -1.320833238 , 3.471665647  , 7.011201906  , -14.97024221 , 3.150673567  , -4.960428668 , 1.320833238  , -3.471665661 , -7.011201906 , 14.9702424   , 
-8.083480232 , 15.66791005  , 2.449585684  , -4.417113144 , 3.150673567  , -4.960428668 , 8.083480232  , -15.66790984 , -2.449585684 , 4.417113113  , -3.150673567 , 4.960428623  , 
2.449585684  , -4.417113144 , -6.713431006 , 14.73944389  , 1.320833238  , -3.471665661 , -2.449585684 , 4.417113113  , 6.713431006  , -14.7394437  , -1.320833238 , 3.471665647  , 
3.150673567  , -4.960428668 , 1.320833238  , -3.471665661 , -7.011201906 , 14.9702424   , -3.150673567 , 4.960428623  , -1.320833238 , 3.471665647  , 7.011201906  , -14.97024221 , 
Line.l32
14.14609041  , -27.41884247 , -4.286774947 , 7.729947985  , -5.513678742 , 8.680750144  , -14.14609041 , 27.41884258  , 4.286774947  , -7.729948003 , 5.513678742  , -8.680750169 , 
-4.286774947 , 7.729947985  , 11.74850426  , -25.7940267  , -2.311458167 , 6.075414899  , 4.286774947  , -7.729948003 , -11.74850426 , 25.79402681  , 2.311458167  , -6.075414907 , 
-5.513678742 , 8.680750144  , -2.311458167 , 6.075414899  , 12.26960333  , -26.19792409 , 5.513678742  , -8.680750169 , 2.311458167  , -6.075414907 , -12.26960333 , 26.1979242   , 
-14.14609041 , 27.41884258  , 4.286774947  , -7.729948003 , 5.513678742  , -8.680750169 , 14.14609041  , -27.41884247 , -4.286774947 , 7.729947985  , -5.513678742 , 8.680750144  , 
4.286774947  , -7.729948003 , -11.74850426 , 25.79402681  , 2.311458167  , -6.075414907 , -4.286774947 , 7.729947985  , 11.74850426  , -25.7940267  , -2.311458167 , 6.075414899  , 
5.513678742  , -8.680750169 , 2.311458167  , -6.075414907 , -12.26960333 , 26.1979242   , -5.513678742 , 8.680750144  , -2.311458167 , 6.075414899  , 12.26960333  , -26.19792409 , 
Line.l33
6.420195958  , -6.549342619 , -6.420195958 , 6.549342761  , 
-6.420195958 , 6.549342761  , 6.420195958  , -6.549342619 , 
Line.l34
19.26058787  , -19.64802824 , -19.26058787 , 19.64802828  , 
-19.26058787 , 19.64802828  , 19.26058787  , -19.64802824 , 
Line.l35
3.132420446  , -7.224761289 , -1.220012522 , 2.619629365  , -3.132420446 , 7.224761626  , 1.220012522  , -2.619629405 , 
-1.220012522 , 2.619629365  , 3.21675019   , -7.266880229 , 1.220012522  , -2.619629405 , -3.21675019  , 7.266880574  , 
-3.132420446 , 7.224761626  , 1.220012522  , -2.619629405 , 3.132420446  , -7.224761289 , -1.220012522 , 2.619629365  , 
1.220012522  , -2.619629405 , -3.21675019  , 7.266880574  , -1.220012522 , 2.619629365  , 3.21675019   , -7.266880229 , 
Line.l36
9.815682668  , -20.95833923 , -4.410942994 , 6.944600103  , -1.849166533 , 4.860331915  , -9.815682668 , 20.95833936  , 4.410942994  , -6.944600136 , 1.849166533  , -4.860331926 , 
-4.410942994 , 6.944600103  , 11.31687233  , -21.93507392 , -3.429419957 , 6.18395838   , 4.410942994  , -6.944600136 , -11.31687233 , 21.93507407  , 3.429419957  , -6.183958402 , 
-1.849166533 , 4.860331915  , -3.429419957 , 6.18395838   , 9.398803408  , -20.63522131 , 1.849166533  , -4.860331926 , 3.429419957  , -6.183958402 , -9.398803408 , 20.63522144  , 
-9.815682668 , 20.95833936  , 4.410942994  , -6.944600136 , 1.849166533  , -4.860331926 , 9.815682668  , -20.95833923 , -4.410942994 , 6.944600103  , -1.849166533 , 4.860331915  , 
4.410942994  , -6.944600136 , -11.31687233 , 21.93507407  , 3.429419957  , -6.183958402 , -4.410942994 , 6.944600103  , 11.31687233  , -21.93507392 , -3.429419957 , 6.18395838   , 
1.849166533  , -4.860331926 , 3.429419957  , -6.183958402 , -9.398803408 , 20.63522144  , -1.849166533 , 4.860331915  , -3.429419957 , 6.18395838   , 9.398803408  , -20.63522131 , 
Line.l37
6.420195958  , -6.549342619 , -6.420195958 , 6.549342761  , 
-6.420195958 , 6.549342761  , 6.420195958  , -6.549342619 , 
Line.l38
7.704235149  , -7.859211195 , -7.704235149 , 7.859211313  , 
-7.704235149 , 7.859211313  , 7.704235149  , -7.859211195 , 
Line.l39
5.92633473   , -6.04554701  , -5.92633473  , 6.045547164  , 
-5.92633473  , 6.045547164  , 5.92633473   , -6.04554701  , 
Line.l40
5.92633473   , -6.04554701  , -5.92633473  , 6.045547164  , 
-5.92633473  , 6.045547164  , 5.92633473   , -6.04554701  , 
Line.l41
9.815682668  , -20.95833923 , -4.410942994 , 6.944600103  , -1.849166533 , 4.860331915  , -9.815682668 , 20.95833936  , 4.410942994  , -6.944600136 , 1.849166533  , -4.860331926 , 
-4.410942994 , 6.944600103  , 11.31687233  , -21.93507392 , -3.429419957 , 6.18395838   , 4.410942994  , -6.944600136 , -11.31687233 , 21.93507407  , 3.429419957  , -6.183958402 , 
-1.849166533 , 4.860331915  , -3.429419957 , 6.18395838   , 9.398803408  , -20.63522131 , 1.849166533  , -4.860331926 , 3.429419957  , -6.183958402 , -9.398803408 , 20.63522144  , 
-9.815682668 , 20.95833936  , 4.410942994  , -6.944600136 , 1.849166533  , -4.860331926 , 9.815682668  , -20.95833923 , -4.410942994 , 6.944600103  , -1.849166533 , 4.860331915  , 
4.410942994  , -6.944600136 , -11.31687233 , 21.93507407  , 3.429419957  , -6.183958402 , -4.410942994 , 6.944600103  , 11.31687233  , -21.93507392 , -3.429419957 , 6.18395838   , 
1.849166533  , -4.860331926 , 3.429419957  , -6.183958402 , -9.398803408 , 20.63522144  , -1.849166533 , 4.860331915  , -3.429419957 , 6.18395838   , 9.398803408  , -20.63522131 , 
Line.l42
3.852117575  , -3.92960542  , -3.852117575 , 3.929605657  , 
-3.852117575 , 3.929605657  , 3.852117575  , -3.92960542  , 
Line.l43
12.26960333  , -26.19792409 , -5.513678742 , 8.680750144  , -2.311458167 , 6.075414899  , -12.26960333 , 26.1979242   , 5.513678742  , -8.680750169 , 2.311458167  , -6.075414907 , 
-5.513678742 , 8.680750144  , 14.14609041  , -27.41884247 , -4.286774947 , 7.729947985  , 5.513678742  , -8.680750169 , -14.14609041 , 27.41884258  , 4.286774947  , -7.729948003 , 
-2.311458167 , 6.075414899  , -4.286774947 , 7.729947985  , 11.74850426  , -25.7940267  , 2.311458167  , -6.075414907 , 4.286774947  , -7.729948003 , -11.74850426 , 25.79402681  , 
-12.26960333 , 26.1979242   , 5.513678742  , -8.680750169 , 2.311458167  , -6.075414907 , 12.26960333  , -26.19792409 , -5.513678742 , 8.680750144  , -2.311458167 , 6.075414899  , 
5.513678742  , -8.680750169 , -14.14609041 , 27.41884258  , 4.286774947  , -7.729948003 , -5.513678742 , 8.680750144  , 14.14609041  , -27.41884247 , -4.286774947 , 7.729947985  , 
2.311458167  , -6.075414907 , 4.286774947  , -7.729948003 , -11.74850426 , 25.79402681  , -2.311458167 , 6.075414899  , -4.286774947 , 7.729947985  , 11.74850426  , -25.7940267  , 
Line.l44
9.630293936  , -9.824014047 , -9.630293936 , 9.824014142  , 
-9.630293936 , 9.824014142  , 9.630293936  , -9.824014047 , 
Line.l45
9.815682668  , -20.95833923 , -4.410942994 , 6.944600103  , -1.849166533 , 4.860331915  , -9.815682668 , 20.95833936  , 4.410942994  , -6.944600136 , 1.849166533  , -4.860331926 , 
-4.410942994 , 6.944600103  , 11.31687233  , -21.93507392 , -3.429419957 , 6.18395838   , 4.410942994  , -6.944600136 , -11.31687233 , 21.93507407  , 3.429419957  , -6.183958402 , 
-1.849166533 , 4.860331915  , -3.429419957 , 6.18395838   , 9.398803408  , -20.63522131 , 1.849166533  , -4.860331926 , 3.429419957  , -6.183958402 , -9.398803408 , 20.63522144  , 
-9.815682668 , 20.95833936  , 4.410942994  , -6.944600136 , 1.849166533  , -4.860331926 , 9.815682668  , -20.95833923 , -4.410942994 , 6.944600103  , -1.849166533 , 4.860331915  , 
4.410942994  , -6.944600136 , -11.31687233 , 21.93507407  , 3.429419957  , -6.183958402 , -4.410942994 , 6.944600103  , 11.31687233  , -21.93507392 , -3.429419957 , 6.18395838   , 
1.849166533  , -4.860331926 , 3.429419957  , -6.183958402 , -9.398803408 , 20.63522144  , -1.849166533 , 4.860331915  , -3.429419957 , 6.18395838   , 9.398803408  , -20.63522131 , 
Line.l46
6.420195958  , -6.549342619 , -6.420195958 , 6.549342761  , 
-6.420195958 , 6.549342761  , 6.420195958  , -6.549342619 , 
Line.l47
15.66467235  , -34.39203566 , -5.715699929 , 10.30659732  , -3.081944222 , 8.100553203  , -15.66467235 , 34.39203574  , 5.715699929  , -10.30659734 , 3.081944222  , -8.10055321  , 
-5.715699929 , 10.30659732  , 18.86145388  , -36.55845669 , -7.351571657 , 11.57433354  , 5.715699929  , -10.30659734 , -18.86145388 , 36.55845678  , 7.351571657  , -11.57433356 , 
-3.081944222 , 8.100553203  , -7.351571657 , 11.57433354  , 16.35947111  , -34.93056552 , 3.081944222  , -8.10055321  , 7.351571657  , -11.57433356 , -16.35947111 , 34.9305656   , 
-15.66467235 , 34.39203574  , 5.715699929  , -10.30659734 , 3.081944222  , -8.10055321  , 15.66467235  , -34.39203566 , -5.715699929 , 10.30659732  , -3.081944222 , 8.100553203  , 
5.715699929  , -10.30659734 , -18.86145388 , 36.55845678  , 7.351571657  , -11.57433356 , -5.715699929 , 10.30659732  , 18.86145388  , -36.55845669 , -7.351571657 , 11.57433354  , 
3.081944222  , -8.10055321  , 7.351571657  , -11.57433356 , -16.35947111 , 34.9305656   , -3.081944222 , 8.100553203  , -7.351571657 , 11.57433354  , 16.35947111  , -34.93056552 , 
Line.l48
9.398803408  , -20.63522131 , -3.429419957 , 6.18395838   , -1.849166533 , 4.860331915  , -9.398803408 , 20.63522144  , 3.429419957  , -6.183958402 , 1.849166533  , -4.860331926 , 
-3.429419957 , 6.18395838   , 11.31687233  , -21.93507392 , -4.410942994 , 6.944600103  , 3.429419957  , -6.183958402 , -11.31687233 , 21.93507407  , 4.410942994  , -6.944600136 , 
-1.849166533 , 4.860331915  , -4.410942994 , 6.944600103  , 9.815682668  , -20.95833923 , 1.849166533  , -4.860331926 , 4.410942994  , -6.944600136 , -9.815682668 , 20.95833936  , 
-9.398803408 , 20.63522144  , 3.429419957  , -6.183958402 , 1.849166533  , -4.860331926 , 9.398803408  , -20.63522131 , -3.429419957 , 6.18395838   , -1.849166533 , 4.860331915  , 
3.429419957  , -6.183958402 , -11.31687233 , 21.93507407  , 4.410942994  , -6.944600136 , -3.429419957 , 6.18395838   , 11.31687233  , -21.93507392 , -4.410942994 , 6.944600103  , 
1.849166533  , -4.860331926 , 4.410942994  , -6.944600136 , -9.815682668 , 20.95833936  , -1.849166533 , 4.860331915  , -4.410942994 , 6.944600103  , 9.815682668  , -20.95833923 , 
Line.l49
9.398803408  , -20.63522131 , -3.429419957 , 6.18395838   , -1.849166533 , 4.860331915  , -9.398803408 , 20.63522144  , 3.429419957  , -6.183958402 , 1.849166533  , -4.860331926 , 
-3.429419957 , 6.18395838   , 11.31687233  , -21.93507392 , -4.410942994 , 6.944600103  , 3.429419957  , -6.183958402 , -11.31687233 , 21.93507407  , 4.410942994  , -6.944600136 , 
-1.849166533 , 4.860331915  , -4.410942994 , 6.944600103  , 9.815682668  , -20.95833923 , 1.849166533  , -4.860331926 , 4.410942994  , -6.944600136 , -9.815682668 , 20.95833936  , 
-9.398803408 , 20.63522144  , 3.429419957  , -6.183958402 , 1.849166533  , -4.860331926 , 9.398803408  , -20.63522131 , -3.429419957 , 6.18395838   , -1.849166533 , 4.860331915  , 
3.429419957  , -6.183958402 , -11.31687233 , 21.93507407  , 4.410942994  , -6.944600136 , -3.429419957 , 6.18395838   , 11.31687233  , -21.93507392 , -4.410942994 , 6.944600103  , 
1.849166533  , -4.860331926 , 4.410942994  , -6.944600136 , -9.815682668 , 20.95833936  , -1.849166533 , 4.860331915  , -4.410942994 , 6.944600103  , 9.815682668  , -20.95833923 , 
Line.l50
9.398803408  , -20.63522131 , -3.429419957 , 6.18395838   , -1.849166533 , 4.860331915  , -9.398803408 , 20.63522144  , 3.429419957  , -6.183958402 , 1.849166533  , -4.860331926 , 
-3.429419957 , 6.18395838   , 11.31687233  , -21.93507392 , -4.410942994 , 6.944600103  , 3.429419957  , -6.183958402 , -11.31687233 , 21.93507407  , 4.410942994  , -6.944600136 , 
-1.849166533 , 4.860331915  , -4.410942994 , 6.944600103  , 9.815682668  , -20.95833923 , 1.849166533  , -4.860331926 , 4.410942994  , -6.944600136 , -9.815682668 , 20.95833936  , 
-9.398803408 , 20.63522144  , 3.429419957  , -6.183958402 , 1.849166533  , -4.860331926 , 9.398803408  , -20.63522131 , -3.429419957 , 6.18395838   , -1.849166533 , 4.860331915  , 
3.429419957  , -6.183958402 , -11.31687233 , 21.93507407  , 4.410942994  , -6.944600136 , -3.429419957 , 6.18395838   , 11.31687233  , -21.93507392 , -4.410942994 , 6.944600103  , 
1.849166533  , -4.860331926 , 4.410942994  , -6.944600136 , -9.815682668 , 20.95833936  , -1.849166533 , 4.860331915  , -4.410942994 , 6.944600103  , 9.815682668  , -20.95833923 , 
Line.l51
2.937126065  , -6.448506265 , -1.071693737 , 1.932486928  , -0.5778645417, 1.518853693  , -2.937126065 , 6.448506702  , 1.071693737  , -1.932487001 , 0.5778645417 , -1.518853727 , 
-1.071693737 , 1.932486928  , 3.536522602  , -6.85471017  , -1.378419686 , 2.17018744   , 1.071693737  , -1.932487001 , -3.536522602 , 6.854710646  , 1.378419686  , -2.170187542 , 
-0.5778645417, 1.518853693  , -1.378419686 , 2.17018744   , 3.067400834  , -6.549480613 , 0.5778645417 , -1.518853727 , 1.378419686  , -2.170187542 , -3.067400834 , 6.549481051  , 
-2.937126065 , 6.448506702  , 1.071693737  , -1.932487001 , 0.5778645417 , -1.518853727 , 2.937126065  , -6.448506265 , -1.071693737 , 1.932486928  , -0.5778645417, 1.518853693  , 
1.071693737  , -1.932487001 , -3.536522602 , 6.854710646  , 1.378419686  , -2.170187542 , -1.071693737 , 1.932486928  , 3.536522602  , -6.85471017  , -1.378419686 , 2.17018744   , 
0.5778645417 , -1.518853727 , 1.378419686  , -2.170187542 , -3.067400834 , 6.549481051  , -0.5778645417, 1.518853693  , -1.378419686 , 2.17018744   , 3.067400834  , -6.549480613 , 
Line.l52
12.26960333  , -26.19792409 , -5.513678742 , 8.680750144  , -2.311458167 , 6.075414899  , -12.26960333 , 26.1979242   , 5.513678742  , -8.680750169 , 2.311458167  , -6.075414907 , 
-5.513678742 , 8.680750144  , 14.14609041  , -27.41884247 , -4.286774947 , 7.729947985  , 5.513678742  , -8.680750169 , -14.14609041 , 27.41884258  , 4.286774947  , -7.729948003 , 
-2.311458167 , 6.075414899  , -4.286774947 , 7.729947985  , 11.74850426  , -25.7940267  , 2.311458167  , -6.075414907 , 4.286774947  , -7.729948003 , -11.74850426 , 25.79402681  , 
-12.26960333 , 26.1979242   , 5.513678742  , -8.680750169 , 2.311458167  , -6.075414907 , 12.26960333  , -26.19792409 , -5.513678742 , 8.680750144  , -2.311458167 , 6.075414899  , 
5.513678742  , -8.680750169 , -14.14609041 , 27.41884258  , 4.286774947  , -7.729948003 , -5.513678742 , 8.680750144  , 14.14609041  , -27.41884247 , -4.286774947 , 7.729947985  , 
2.311458167  , -6.075414907 , 4.286774947  , -7.729948003 , -11.74850426 , 25.79402681  , -2.311458167 , 6.075414899  , -4.286774947 , 7.729947985  , 11.74850426  , -25.7940267  , 
Line.l53
19.63136534  , -41.91667866 , -8.821885988 , 13.88920026  , -3.698333067 , 9.720663846  , -19.63136534 , 41.91667873  , 8.821885988  , -13.88920027 , 3.698333067  , -9.720663852 , 
-8.821885988 , 13.88920026  , 22.63374465  , -43.87014806 , -6.858839915 , 12.36791679  , 8.821885988  , -13.88920027 , -22.63374465 , 43.87014814  , 6.858839915  , -12.3679168  , 
-3.698333067 , 9.720663846  , -6.858839915 , 12.36791679  , 18.79760682  , -41.27044282 , 3.698333067  , -9.720663852 , 6.858839915  , -12.3679168  , -18.79760682 , 41.27044289  , 
-19.63136534 , 41.91667873  , 8.821885988  , -13.88920027 , 3.698333067  , -9.720663852 , 19.63136534  , -41.91667866 , -8.821885988 , 13.88920026  , -3.698333067 , 9.720663846  , 
8.821885988  , -13.88920027 , -22.63374465 , 43.87014814  , 6.858839915  , -12.3679168  , -8.821885988 , 13.88920026  , 22.63374465  , -43.87014806 , -6.858839915 , 12.36791679  , 
3.698333067  , -9.720663852 , 6.858839915  , -12.3679168  , -18.79760682 , 41.27044289  , -3.698333067 , 9.720663846  , -6.858839915 , 12.36791679  , 18.79760682  , -41.27044282 , 
Line.l54
8.92334788   , -19.05303563 , -4.009948176 , 6.313272815  , -1.681060485 , 4.418483557  , -8.92334788  , 19.05303578  , 4.009948176  , -6.31327285  , 1.681060485  , -4.418483569 , 
-4.009948176 , 6.313272815  , 10.28806575  , -19.94097626 , -3.117654507 , 5.621780341  , 4.009948176  , -6.31327285  , -10.28806575 , 19.94097643  , 3.117654507  , -5.621780366 , 
-1.681060485 , 4.418483557  , -3.117654507 , 5.621780341  , 8.544366734  , -18.75929207 , 1.681060485  , -4.418483569 , 3.117654507  , -5.621780366 , -8.544366734 , 18.75929222  , 
-8.92334788  , 19.05303578  , 4.009948176  , -6.31327285  , 1.681060485  , -4.418483569 , 8.92334788   , -19.05303563 , -4.009948176 , 6.313272815  , -1.681060485 , 4.418483557  , 
4.009948176  , -6.31327285  , -10.28806575 , 19.94097643  , 3.117654507  , -5.621780366 , -4.009948176 , 6.313272815  , 10.28806575  , -19.94097626 , -3.117654507 , 5.621780341  , 
1.681060485  , -4.418483569 , 3.117654507  , -5.621780366 , -8.544366734 , 18.75929222  , -1.681060485 , 4.418483557  , -3.117654507 , 5.621780341  , 8.544366734  , -18.75929207 , 
Line.l55
6.713431006  , -14.7394437  , -1.320833238 , 3.471665647  , -2.449585684 , 4.417113113  , -6.713431006 , 14.73944389  , 1.320833238  , -3.471665661 , 2.449585684  , -4.417113144 , 
-1.320833238 , 3.471665647  , 7.011201906  , -14.97024221 , -3.150673567 , 4.960428623  , 1.320833238  , -3.471665661 , -7.011201906 , 14.9702424   , 3.150673567  , -4.960428668 , 
-2.449585684 , 4.417113113  , -3.150673567 , 4.960428623  , 8.083480232  , -15.66790984 , 2.449585684  , -4.417113144 , 3.150673567  , -4.960428668 , -8.083480232 , 15.66791005  , 
-6.713431006 , 14.73944389  , 1.320833238  , -3.471665661 , 2.449585684  , -4.417113144 , 6.713431006  , -14.7394437  , -1.320833238 , 3.471665647  , -2.449585684 , 4.417113113  , 
1.320833238  , -3.471665661 , -7.011201906 , 14.9702424   , 3.150673567  , -4.960428668 , -1.320833238 , 3.471665647  , 7.011201906  , -14.97024221 , -3.150673567 , 4.960428623  , 
2.449585684  , -4.417113144 , 3.150673567  , -4.960428668 , -8.083480232 , 15.66791005  , -2.449585684 , 4.417113113  , -3.150673567 , 4.960428623  , 8.083480232  , -15.66790984 , 
Line.l56
8.92334788   , -19.05303563 , -4.009948176 , 6.313272815  , -1.681060485 , 4.418483557  , -8.92334788  , 19.05303578  , 4.009948176  , -6.31327285  , 1.681060485  , -4.418483569 , 
-4.009948176 , 6.313272815  , 10.28806575  , -19.94097626 , -3.117654507 , 5.621780341  , 4.009948176  , -6.31327285  , -10.28806575 , 19.94097643  , 3.117654507  , -5.621780366 , 
-1.681060485 , 4.418483557  , -3.117654507 , 5.621780341  , 8.544366734  , -18.75929207 , 1.681060485  , -4.418483569 , 3.117654507  , -5.621780366 , -8.544366734 , 18.75929222  , 
-8.92334788  , 19.05303578  , 4.009948176  , -6.31327285  , 1.681060485  , -4.418483569 , 8.92334788   , -19.05303563 , -4.009948176 , 6.313272815  , -1.681060485 , 4.418483557  , 
4.009948176  , -6.31327285  , -10.28806575 , 19.94097643  , 3.117654507  , -5.621780366 , -4.009948176 , 6.313272815  , 10.28806575  , -19.94097626 , -3.117654507 , 5.621780341  , 
1.681060485  , -4.418483569 , 3.117654507  , -5.621780366 , -8.544366734 , 18.75929222  , -1.681060485 , 4.418483557  , -3.117654507 , 5.621780341  , 8.544366734  , -18.75929207 , 
Line.l57
7.704235149  , -7.859211195 , -7.704235149 , 7.859211313  , 
-7.704235149 , 7.859211313  , 7.704235149  , -7.859211195 , 
Line.l58
3.132934469  , -6.878406739 , -0.6163888445, 1.62011061   , -1.143139986 , 2.061319399  , -3.132934469 , 6.878407148  , 0.6163888445 , -1.620110642 , 1.143139986  , -2.061319467 , 
-0.6163888445, 1.62011061   , 3.271894223  , -6.98611271  , -1.470314331 , 2.314866616  , 0.6163888445 , -1.620110642 , -3.271894223 , 6.986113121  , 1.470314331  , -2.314866712 , 
-1.143139986 , 2.061319399  , -1.470314331 , 2.314866616  , 3.772290775  , -7.311690909 , 1.143139986  , -2.061319467 , 1.470314331  , -2.314866712 , -3.772290775 , 7.311691356  , 
-3.132934469 , 6.878407148  , 0.6163888445 , -1.620110642 , 1.143139986  , -2.061319467 , 3.132934469  , -6.878406739 , -0.6163888445, 1.62011061   , -1.143139986 , 2.061319399  , 
0.6163888445 , -1.620110642 , -3.271894223 , 6.986113121  , 1.470314331  , -2.314866712 , -0.6163888445, 1.62011061   , 3.271894223  , -6.98611271  , -1.470314331 , 2.314866616  , 
1.143139986  , -2.061319467 , 1.470314331  , -2.314866712 , -3.772290775 , 7.311691356  , -1.143139986 , 2.061319399  , -1.470314331 , 2.314866616  , 3.772290775  , -7.311690909 , 
Line.l59
7.704235149  , -7.859211195 , -7.704235149 , 7.859211313  , 
-7.704235149 , 7.859211313  , 7.704235149  , -7.859211195 , 
Line.l60
5.144032875  , -9.970487885 , -2.004974088 , 3.156636355  , -1.558827253 , 2.810890133  , -5.144032875 , 9.970488213  , 2.004974088  , -3.156636425 , 1.558827253  , -2.810890183 , 
-2.004974088 , 3.156636355  , 4.46167394   , -9.526517591 , -0.8405302425, 2.209241761  , 2.004974088  , -3.156636425 , -4.46167394  , 9.526517892  , 0.8405302425 , -2.209241784 , 
-1.558827253 , 2.810890133  , -0.8405302425, 2.209241761  , 4.272183367  , -9.379645811 , 1.558827253  , -2.810890183 , 0.8405302425 , -2.209241784 , -4.272183367 , 9.379646111  , 
-5.144032875 , 9.970488213  , 2.004974088  , -3.156636425 , 1.558827253  , -2.810890183 , 5.144032875  , -9.970487885 , -2.004974088 , 3.156636355  , -1.558827253 , 2.810890133  , 
2.004974088  , -3.156636425 , -4.46167394  , 9.526517892  , 0.8405302425 , -2.209241784 , -2.004974088 , 3.156636355  , 4.46167394   , -9.526517591 , -0.8405302425, 2.209241761  , 
1.558827253  , -2.810890183 , 0.8405302425 , -2.209241784 , -4.272183367 , 9.379646111  , -1.558827253 , 2.810890133  , -0.8405302425, 2.209241761  , 4.272183367  , -9.379645811 , 
Line.l61
13.29188988  , -6.539309754 , -3.758053754 , 1.501174277  , -2.822080184 , 1.847665943  , -13.29188988 , 6.539312275  , 3.758053754  , -1.501174277 , 2.822080184  , -1.847665943 , 
-3.758053754 , 1.501174277  , 13.93343177  , -6.10371122  , -3.758053754 , 1.501174277  , 3.758053754  , -1.501174277 , -13.93343177 , 6.10371374   , 3.758053754  , -1.501174277 , 
-2.822080184 , 1.847665943  , -3.758053754 , 1.501174277  , 13.29188988  , -6.539309754 , 2.822080184  , -1.847665943 , 3.758053754  , -1.501174277 , -13.29188988 , 6.539312275  , 
